# oST version 5.0 parameters


[image]

width
640

height
480

[narrow_stereo]

camera matrix
719.764047 0.000000 185.149799
0.000000 720.963184 247.627412
0.000000 0.000000 1.000000

distortion
-0.293225 0.301795 -0.000155 -0.002616 0.000000

rectification
1.000000 0.000000 0.000000
0.000000 1.000000 0.000000
0.000000 0.000000 1.000000

projection
678.492676 0.000000 177.483606 0.000000
0.000000 698.951538 248.018991 0.000000
0.000000 0.000000 1.000000 0.000000
